README

Instructions...

1. Compile both files

2. Run this command:

time ./pthread 10000000000000000 10000000000000000 10000000000000000 10000000000000000 10000000000000000 10000000000000000 10000000000000000 10000000000000000 10000000000000000 10000000000000000 10000000000000000 10000000000000000 10000000000000000 10000000000000000 10000000000000000 10000000000000000 10000000000000000 10000000000000000 10000000000000000  10000000000000000  10000000000000000  10000000000000000  10000000000000000  10000000000000000  10000000000000000  10000000000000000  10000000000000000  10000000000000000  10000000000000000  10000000000000000  10000000000000000  10000000000000000  10000000000000000  10000000000000000  10000000000000000  10000000000000000  10000000000000000  10000000000000000  10000000000000000  10000000000000000  10000000000000000  10000000000000000  10000000000000000  10000000000000000  10000000000000000  10000000000000000  10000000000000000  10000000000000000  10000000000000000  10000000000000000  10000000000000000  10000000000000000  10000000000000000  10000000000000000  10000000000000000  10000000000000000  10000000000000000  10000000000000000

3. Run this command:

time ./no_pthread 10000000000000000 10000000000000000 10000000000000000 10000000000000000 10000000000000000 10000000000000000 10000000000000000 10000000000000000 10000000000000000 10000000000000000 10000000000000000 10000000000000000 10000000000000000 10000000000000000 10000000000000000 10000000000000000 10000000000000000 10000000000000000 10000000000000000  10000000000000000  10000000000000000  10000000000000000  10000000000000000  10000000000000000  10000000000000000  10000000000000000  10000000000000000  10000000000000000  10000000000000000  10000000000000000  10000000000000000  10000000000000000  10000000000000000  10000000000000000  10000000000000000  10000000000000000  10000000000000000  10000000000000000  10000000000000000  10000000000000000  10000000000000000  10000000000000000  10000000000000000  10000000000000000  10000000000000000  10000000000000000  10000000000000000  10000000000000000  10000000000000000  10000000000000000  10000000000000000  10000000000000000  10000000000000000  10000000000000000  10000000000000000  10000000000000000  10000000000000000  10000000000000000

4. look at total time difference
